摇一摇~1_03_07.png, 381, 402, 0, 0
未标题-2_07 - 副本.png, 595, 314, 383, 0
用户_023.png, 377, 252, 980, 0
未标题-3_03.png, 124, 226, 383, 316
首页3_10.png, 154, 134, 0, 404
首页3_07.png, 157, 129, 156, 404
未标题-2_03.png, 110, 125, 509, 316
提示分享_03.png, 77, 115, 509, 443
首页3_19 - 副本.png, 209, 105, 588, 443
首页3_22.png, 105, 104, 621, 316
用户_0311.png, 555, 103, 728, 316
活动页面_03.png, 673, 102, 799, 421
fl.png, 87, 99, 1285, 254
首页3_15.png, 66, 66, 315, 404
活动页~1_03.png, 62, 60, 315, 472
首页3_03.png, 108, 45, 980, 254
活动页~1_07.png, 468, 36, 799, 525
wx.png, 30, 27, 315, 534
user.png, 26, 25, 156, 535

摇一摇~1_03_02.png, 750, 764, 0, 0
摇一摇~1_03_05.png, 748, 730, 0, 766
首页3_02.png, 750, 535, 0, 1498
摇一摇~1_03_03.png, 654, 509, 0, 2035
摇一摇~1_03.png, 654, 505, 0, 2546
bg.png, 750, 130, 0, 3053


免费筹课_30.png, 299, 269, 0, 0
免费筹课_031.png, 452, 268, 301, 0
免费筹课_08.png, 439, 252, 755, 0
免费筹课_13.png, 145, 173, 1196, 0
免费筹课_03.png, 124, 129, 1343, 0
免费筹课_26.png, 82, 92, 1196, 175
免费筹课_17.png, 76, 91, 1280, 175
用户_030.png, 119, 54, 1358, 131
免费筹课_20.png, 94, 49, 1358, 187
免费筹课_14.png, 295, 1, 755, 254
